24231
6756
7355
28286
19176
22914
17431
30448
20465
1597
27036
22784
17762
31789
26084
7568
26747
14969
10026
27082
20967
14968
7270
23117
16319
26152
26686
9516
13013
5173
2127
24714
28503
30994
10384
15029
8280
32596
30122
13146
23961
25476
32408
28102
2584
11294
21607
30490
4617
24291
30335
8480
7449
10664
20465
24311
16475
18220
8089
20273
23819
12420
28954
2119
11017
21438
16619
7744
749
189
12672
7246
11918
18358
18328
27405
11425
17052
21988
11784
32391
12620
8024
19843
29092
30122
28252
26260
2180
25229
11193
9984
26983
18259
21098
18191
14251
31311
23513
26480
31541
1423
19439
12901
11802
15395
12245
18669
31144
2547
17031
711
15992
28907
10285
19175
525
14708
18982
32116
31338
3180
18949
17187
29833
2814
22154
10753
1608
28987
27356
24073
25032
32556
30666
13694
8208
6439
16327
30845
19838
27314
3845
27392
10624
19451
28246
24561
28695
19045
24241
22451
17911
25413
20016
2133
2985
5918
12500
13856
21640
2482
17102
24548
13762
31770
1012
28605
3220
30549
22754
2110
18869
32307
18065
20070
13650
30548
21588
23412
9910
24572
14976
21374
13303
4864
5390
26782
5584
7827
29910
25904
11988
1263
29962
21942
2049
24945
12805
26567
10246
15598
8905
8912
22584
17906
21119
29820
1836
15669
10389
19323
9531
28931
26051
13790
29150
30602
30864
25795
698
17457
7642
6215
3973
10048
15638
31481
30298
14678
852
28871
21130
17201
9586
9049
16164
26776
10676
23021
13703
6464
25744
8946
823
19499
28722
31227
16107
9498
12076
6511
309
28400
16954
2567
27483
32552
11875
2167
28402
16068
10843
26888
9667
26215
31470
20522
28618
32162
17870
10350
27930
13656
10107
25470
651
12592
28057
9765
21530
3152
8819
15684
28826
9881
6404
7656
32543
14026
31761
26554
31155
30137
32740
3547
27006
513
7995
20674
15378
14398
24853
12332
23242
12487
24164
22813
30284
6833
14310
12931
7635
120
2179
28381
26510
5720
451
19841
15611
23049
2665
24833
12890
27705
13741
19294
28878
4852
32042
31510
30934
16053
23897
21335
28408
8784
4375
19536
21863
7915
28526
11506
21805
31078
22359
21606
1859
10247
7402
23927
4165
12868
13940
4815
19747
31653
6074
11378
13257
4507
31415
21231
21799
6357
30365
703
15273
2934
278
14018
259
20301
2794
20341
1799
5710
11447
32171
12060
9731
21222
29156
30211
1814
599
10500
6349
2281
10356
1745
18731
32672
3069
10741
23309
18578
14656
31957
22244
1940
27097
31498
20544
3705
17289
1731
5938
15008
3815
30976
25267
7605
8240
28391
17832
17616
22067
31957
30102
21546
3868
22352
29995
4205
12515
8439
2940
3359
6983
4027
26933
197
13457
28646
16280
9482
12903
28569
2397
19500
2558
14755
2194
7753
23380
19198
2619
3663
27263
30289
28339
19268
6339
12575
32671
8692
11607
16061
32375
19400
14290
26357
27441
14254
1274
9475
5044
6311
18797
6438
22983
8826
1616
23746
2111
26894
12527
9090
892
997
4853
403
19913
31518
21424
16164
975
31180
12625
10739
2616
16358
28081
12993
5715
2593
1531
16040
